matrial 1
1700.0
350.0
1800.0
0.0
0.0
0.0
0.0
1.0
0.0
0.0
matrial 2
1800.0
500.0
1950.0
0.0
0.0
0.0
0.0
1.0
0.0
0.0
matrial 3
2000.0
600.0
2000.0
0.0
0.0
0.0
0.0
1.0
0.0
0.0
matrial 4
2100.0
700.0
2050.0
0.0
0.0
0.0
0.0
1.0
0.0
0.0
matrial 5
2200.0
800.0
2070.0
0.0
0.0
0.0
0.0
1.0
0.0
0.0
matrial 6
2300.0
900.0
2100.0
0.0
0.0
0.0
0.0
1.0
0.0
0.0
matrial 7
2400.0
1000.0
2150.0
0.0
0.0
0.0
0.0
1.0
0.0
0.0
matrial 8
2700.0
1300.0
2200.0
0.0
0.0
0.0
0.0
1.0
0.0
0.0
matrial 9
3000.0
1500.0
2250.0
0.0
0.0
0.0
0.0
1.0
0.0
0.0
matrial 10
3200.0
1700.0
2300.0
0.0
0.0
0.0
0.0
1.0
0.0
0.0
matrial 11
3500.0
2000.0
2350.0
0.0
0.0
0.0
0.0
1.0
0.0
0.0
matrial 12
4200.0
2400.0
2450.0
0.0
0.0
0.0
0.0
1.0
0.0
0.0
matrial 13
5000.0
2900.0
2600.0
0.0
0.0
0.0
0.0
1.0
0.0
0.0
matrial 14
5500.0
3200.0
2650.0
0.0
0.0
0.0
0.0
1.0
0.0
0.0
matrial 15
5800.0
3400.0
2700.0
0.0
0.0
0.0
0.0
1.0
0.0
0.0
matrial 16
6400.0
3800.0
2800.0
0.0
0.0
0.0
0.0
1.0
0.0
0.0
matrial 17
7500.0
4500.0
3200.0
0.0
0.0
0.0
0.0
1.0
0.0
0.0
matrial 18
5000.0
2900.0
2400.0
0.0
0.0
0.0
0.0
1.0
0.0
0.0
matrial 19
6800.0
4000.0
2900.0
0.0
0.0
0.0
0.0
1.0
0.0
0.0
matrial 20
8000.0
4700.0
3200.0
0.0
0.0
0.0
0.0
1.0
0.0
0.0
matrial 21
5400.0
2800.0
2600.0
0.0
0.0
0.0
0.0
1.0
0.0
0.0
matrial 22
6500.0
3500.0
2800.0
0.0
0.0
0.0
0.0
1.0
0.0
0.0
matrial 23
8100.0
4600.0
3400.0
0.0
0.0
0.0
0.0
1.0
0.0
0.0
