x[km] y[km] z[km] ex ey ez dlos[cm] sigma[cm] type
-17.052008 29.46024 0.026425 -0.59 0.105 -0.801 1.3 2.1 sar
-12.97259 29.45135 0.034982 -0.586 0.104 -0.804 1.6 2.1 sar
-8.893261 29.445199 0.110982 -0.583 0.103 -0.806 1.1 2.1 sar
-4.813911 29.441916 0.282399 -0.579 0.103 -0.809 0.0 2.1 sar
-0.733856 33.884473 0.320313 -0.577 0.102 -0.811 -0.9 2.1 sar
3.343054 33.884542 0.187507 -0.573 0.1 -0.813 0.5 2.1 sar
-0.734325 29.440242 0.277169 -0.576 0.102 -0.811 -1.5 2.1 sar
3.345216 29.440654 0.198332 -0.573 0.101 -0.814 -1.7 2.1 sar
7.420178 33.888787 0.383114 -0.57 0.1 -0.816 2.1 2.1 sar
11.496944 33.89365 0.239141 -0.567 0.1 -0.818 1.6 2.1 sar
7.424863 29.444308 0.295936 -0.569 0.101 -0.816 0.3 2.1 sar
11.504744 29.450659 0.451941 -0.566 0.099 -0.819 0.4 2.1 sar
15.574442 33.902929 0.468617 -0.563 0.098 -0.82 0.7 2.1 sar
19.652001 33.914222 0.620526 -0.56 0.098 -0.823 0.9 2.1 sar
15.584115 29.458083 0.315378 -0.562 0.099 -0.821 -0.7 2.1 sar
19.664056 29.469042 0.418267 -0.559 0.099 -0.824 -0.6 2.1 sar
-29.308909 25.057519 -0.047957 -0.598 0.107 -0.794 1.5 2.1 sar
-33.412565 20.632534 -0.032117 -0.6 0.108 -0.792 -0.1 2.1 sar
-29.327878 20.613913 -0.029221 -0.597 0.108 -0.795 1.0 2.1 sar
-33.434264 16.188997 0.003527 -0.6 0.109 -0.793 -1.4 2.1 sar
-29.34685 16.170335 -0.009582 -0.597 0.109 -0.795 -0.3 2.1 sar
-33.455904 11.745436 0.028055 -0.599 0.109 -0.793 -1.6 2.1 sar
-29.365863 11.726793 0.018942 -0.596 0.109 -0.796 -2.1 2.1 sar
-25.226931 25.041381 -0.03063 -0.595 0.107 -0.797 1.5 2.1 sar
-21.145264 25.028052 0.084113 -0.592 0.106 -0.799 0.1 2.1 sar
-25.243245 20.597755 -0.014906 -0.594 0.107 -0.797 1.2 2.1 sar
-21.158734 20.584147 0.037823 -0.591 0.106 -0.8 -0.2 2.1 sar
-17.063072 25.016576 0.053243 -0.588 0.105 -0.802 1.0 2.1 sar
-12.981009 25.007686 0.062786 -0.585 0.105 -0.804 1.7 2.1 sar
-17.074064 20.572843 0.052951 -0.588 0.106 -0.802 -0.4 2.1 sar
-12.989463 20.564092 0.107479 -0.584 0.105 -0.805 0.6 2.1 sar
-25.259555 16.154156 -0.000277 -0.593 0.107 -0.798 0.2 2.1 sar
-21.172401 16.14051 0.051436 -0.59 0.107 -0.8 0.2 2.1 sar
-25.275884 11.710593 0.019235 -0.592 0.108 -0.798 -1.9 2.1 sar
-21.185985 11.696855 0.039929 -0.589 0.107 -0.801 -0.1 2.1 sar
-17.085178 16.129278 0.09855 -0.587 0.106 -0.803 0.6 2.1 sar
-12.997758 16.12029 0.074047 -0.583 0.105 -0.806 0.9 2.1 sar
-17.096218 11.685645 0.116025 -0.587 0.107 -0.803 0.2 2.1 sar
-13.006132 11.676653 0.079496 -0.583 0.106 -0.805 1.1 2.1 sar
-37.570113 7.322915 0.037008 -0.601 0.11 -0.791 -2.2 2.1 sar
-37.59435 2.879372 0.053307 -0.601 0.111 -0.792 -2.4 2.1 sar
-33.477559 7.301887 0.055469 -0.599 0.11 -0.794 -2.0 2.1 sar
-29.384783 7.283231 0.027346 -0.595 0.11 -0.796 -1.6 2.1 sar
-33.498747 2.858298 -0.006227 -0.597 0.111 -0.794 -1.6 2.1 sar
-29.403675 2.839692 0.029648 -0.595 0.11 -0.796 -1.9 2.1 sar
-37.618198 -1.564145 0.003495 -0.6 0.111 -0.792 -2.3 2.1 sar
-37.642198 -6.007587 -0.020428 -0.6 0.112 -0.792 -2.4 2.1 sar
-33.520417 -1.585194 0.023974 -0.597 0.111 -0.795 -2.0 2.1 sar
-29.422424 -1.603809 0.000854 -0.594 0.11 -0.797 -1.7 2.1 sar
-33.541692 -6.028628 -0.020931 -0.596 0.112 -0.795 -2.1 2.1 sar
-29.441283 -6.047262 -0.004045 -0.593 0.11 -0.798 -1.6 2.1 sar
-25.29217 7.267032 0.027627 -0.592 0.108 -0.799 -1.6 2.1 sar
-21.199582 7.253263 0.032302 -0.589 0.108 -0.801 -0.6 2.1 sar
-25.308367 2.823488 0.013918 -0.591 0.109 -0.799 -2.4 2.1 sar
-21.213222 2.809726 0.037572 -0.588 0.108 -0.802 -1.8 2.1 sar
-17.107093 7.24196 0.072374 -0.585 0.108 -0.804 0.0 2.1 sar
-13.014507 7.233051 0.085835 -0.582 0.106 -0.806 0.2 2.1 sar
-17.118011 2.798381 0.044616 -0.585 0.108 -0.804 -1.6 2.1 sar
-13.022929 2.789489 0.115056 -0.581 0.107 -0.807 0.0 2.1 sar
-25.324615 -1.620007 0.013116 -0.591 0.109 -0.8 -0.8 2.1 sar
-21.226824 -1.633783 0.031751 -0.587 0.109 -0.802 -1.7 2.1 sar
-25.340851 -6.063468 0.009218 -0.589 0.11 -0.8 -1.9 2.1 sar
-21.240416 -6.077251 0.022842 -0.586 0.11 -0.803 -1.8 2.1 sar
-17.129004 -1.645133 0.044768 -0.584 0.108 -0.805 -1.9 2.1 sar
-13.031172 -1.654057 0.05618 -0.58 0.107 -0.807 -0.8 2.1 sar
-17.140018 -6.088624 0.052836 -0.583 0.108 -0.805 -1.3 2.1 sar
-13.03952 -6.097542 0.049219 -0.58 0.108 -0.807 -0.6 2.1 sar
-8.898959 25.001274 0.085757 -0.582 0.104 -0.807 1.3 2.1 sar
-4.816974 24.997757 0.228148 -0.579 0.103 -0.809 0.1 2.1 sar
-8.904799 20.557769 0.162423 -0.581 0.104 -0.807 0.8 2.1 sar
-4.820114 20.554063 0.276782 -0.578 0.104 -0.809 0.3 2.1 sar
-0.734797 24.996268 0.268911 -0.575 0.103 -0.812 -0.7 2.1 sar
3.347452 24.997359 0.349054 -0.572 0.102 -0.814 -0.3 2.1 sar
-0.73528 20.552638 0.346529 -0.575 0.102 -0.812 -0.7 2.1 sar
3.3496 20.55337 0.33267 -0.572 0.102 -0.814 -0.6 2.1 sar
-8.910484 16.113926 0.127963 -0.58 0.105 -0.808 0.8 2.1 sar
-4.82315 16.110001 0.187291 -0.577 0.104 -0.81 -0.2 2.1 sar
-8.916311 11.670365 0.195388 -0.58 0.105 -0.808 1.3 2.1 sar
-4.826268 11.666313 0.207679 -0.576 0.105 -0.811 0.6 2.1 sar
-0.735764 16.108997 0.442025 -0.574 0.103 -0.812 -0.6 2.1 sar
3.351799 16.1097 0.413144 -0.57 0.103 -0.815 -0.6 2.1 sar
-0.736212 11.664689 0.221378 -0.573 0.104 -0.813 -0.7 2.1 sar
3.35386 11.665484 0.231476 -0.569 0.103 -0.816 -1.4 2.1 sar
7.429689 25.000485 0.329618 -0.568 0.101 -0.817 -0.3 2.1 sar
11.512089 25.00644 0.412606 -0.565 0.1 -0.819 -0.4 2.1 sar
7.434501 20.556632 0.3512 -0.568 0.102 -0.817 -1.2 2.1 sar
11.519563 20.56256 0.444145 -0.565 0.1 -0.819 -0.3 2.1 sar
15.593929 25.013738 0.220016 -0.562 0.1 -0.821 -0.6 2.1 sar
19.677394 25.025842 0.632899 -0.558 0.099 -0.824 -0.0 2.1 sar
15.604142 20.570112 0.288551 -0.56 0.1 -0.822 1.0 2.1 sar
19.688954 20.580533 0.27043 -0.557 0.099 -0.825 0.9 2.1 sar
7.439164 16.112478 0.245655 -0.567 0.102 -0.817 -0.9 2.1 sar
11.526776 16.118323 0.331579 -0.563 0.101 -0.82 0.3 2.1 sar
7.444083 11.668919 0.358978 -0.566 0.103 -0.818 -1.4 2.1 sar
11.533998 11.674298 0.223891 -0.563 0.102 -0.82 -0.3 2.1 sar
15.614102 16.126177 0.252981 -0.56 0.101 -0.822 1.2 2.1 sar
15.624603 11.682746 0.439276 -0.559 0.101 -0.823 0.2 2.1 sar
19.714135 11.692812 0.215119 -0.556 0.1 -0.825 0.2 2.1 sar
-8.922031 7.226665 0.185693 -0.579 0.106 -0.809 0.1 2.1 sar
-4.829355 7.222592 0.185954 -0.576 0.106 -0.811 0.1 2.1 sar
-8.927602 2.782971 0.069889 -0.578 0.106 -0.809 0.3 2.1 sar
-4.832442 2.778939 0.165138 -0.574 0.106 -0.812 -1.0 2.1 sar
-0.736672 7.220853 0.106626 -0.572 0.104 -0.814 -1.5 2.1 sar
3.356022 7.221782 0.241711 -0.569 0.104 -0.816 -2.8 2.1 sar
-0.737156 2.777303 0.194792 -0.571 0.105 -0.814 -1.9 2.1 sar
3.358185 2.778105 0.255846 -0.567 0.104 -0.817 -4.6 2.1 sar
-8.933351 -1.660562 0.081994 -0.577 0.107 -0.809 0.1 2.1 sar
-5.900071 -0.552936 0.17864 -0.575 0.107 -0.811 0.4 2.1 sar
-3.851421 -0.554377 0.156122 -0.573 0.105 -0.812 -1.5 2.1 sar
-5.901897 -2.774699 0.105909 -0.574 0.106 -0.812 -0.1 2.1 sar
-3.852662 -2.776167 0.164387 -0.573 0.106 -0.813 -2.2 2.1 sar
-8.93906 -6.104054 0.065002 -0.577 0.108 -0.81 -0.9 2.1 sar
-5.903798 -4.996468 0.114402 -0.574 0.106 -0.812 -0.2 2.1 sar
-3.853895 -4.997946 0.159875 -0.572 0.106 -0.813 -2.0 2.1 sar
-5.413096 -6.663164 0.090174 -0.573 0.106 -0.812 -0.4 2.1 sar
-6.398298 -7.773171 0.06698 -0.574 0.107 -0.812 -2.0 2.1 sar
-5.413965 -7.774039 0.091838 -0.573 0.106 -0.812 -2.7 2.1 sar
-3.855115 -7.21969 0.132584 -0.572 0.106 -0.813 -2.2 2.1 sar
-1.802797 -0.555215 0.171954 -0.572 0.105 -0.814 -2.6 2.1 sar
0.245838 -0.555449 0.219133 -0.57 0.105 -0.815 -3.8 2.1 sar
-1.803384 -2.77702 0.202213 -0.571 0.106 -0.814 -3.7 2.1 sar
0.245916 -2.777253 0.208385 -0.569 0.105 -0.815 -5.2 2.1 sar
3.360283 -1.665524 0.144874 -0.567 0.105 -0.817 -5.8 2.1 sar
-1.803968 -4.998829 0.219697 -0.571 0.106 -0.814 -4.2 2.1 sar
0.245998 -4.999112 0.285864 -0.569 0.106 -0.816 -5.8 2.1 sar
-1.80454 -7.2206 0.1984 -0.571 0.106 -0.814 -4.4 2.1 sar
0.246074 -7.220834 0.201564 -0.569 0.106 -0.816 -6.1 2.1 sar
3.362481 -6.109151 0.223812 -0.566 0.105 -0.817 -8.0 2.1 sar
6.383673 8.334937 0.313094 -0.566 0.103 -0.818 -2.5 2.1 sar
8.429637 8.337046 0.2477 -0.564 0.102 -0.819 -2.0 2.1 sar
6.385651 6.112991 0.239428 -0.566 0.104 -0.818 -3.9 2.1 sar
8.432378 6.115217 0.272028 -0.564 0.103 -0.819 -4.1 2.1 sar
10.4756 8.339794 0.206661 -0.563 0.102 -0.82 -1.8 2.1 sar
12.52144 8.343082 0.115987 -0.561 0.102 -0.822 -0.6 2.1 sar
10.478966 6.117955 0.206989 -0.563 0.102 -0.82 -3.0 2.1 sar
12.525539 6.121312 0.154315 -0.561 0.102 -0.822 -1.9 2.1 sar
7.453504 2.781295 0.229303 -0.564 0.103 -0.819 -5.6 2.1 sar
11.548791 2.786908 0.202204 -0.561 0.103 -0.821 -3.0 2.1 sar
15.633882 7.238528 0.125455 -0.558 0.102 -0.824 -1.0 2.1 sar
15.644123 2.79496 0.205557 -0.557 0.102 -0.824 -2.5 2.1 sar
7.458149 -1.662314 0.108321 -0.563 0.104 -0.82 -6.1 2.1 sar
11.556223 -1.656716 0.211212 -0.56 0.103 -0.822 -6.1 2.1 sar
7.46298 -6.105878 0.147233 -0.563 0.104 -0.82 -7.7 2.1 sar
11.563606 -6.100298 0.193105 -0.559 0.104 -0.822 -6.7 2.1 sar
15.654042 -1.648652 0.153533 -0.556 0.102 -0.825 -4.7 2.1 sar
15.664165 -6.092242 0.185411 -0.556 0.103 -0.825 -5.5 2.1 sar
-17.150937 -10.532044 0.02581 -0.583 0.109 -0.805 -0.5 2.1 sar
-13.04786 -10.540984 0.038167 -0.579 0.108 -0.808 0.2 2.1 sar
-8.944766 -10.547493 0.045917 -0.576 0.108 -0.811 -0.5 2.1 sar
-4.841668 -10.551581 0.055079 -0.572 0.107 -0.813 -2.4 2.1 sar
-7.716613 -13.0484 0.043649 -0.574 0.107 -0.812 -1.9 2.1 sar
-7.306003 -12.904434 0.044406 -0.574 0.107 -0.812 -2.4 2.1 sar
-7.059734 -12.904691 0.045665 -0.574 0.107 -0.812 -2.5 2.1 sar
-7.306307 -13.193256 0.043796 -0.574 0.107 -0.812 -4.7 2.1 sar
-7.060027 -13.193511 0.044055 -0.574 0.107 -0.812 -3.8 2.1 sar
-7.142541 -13.60444 0.042079 -0.574 0.107 -0.812 -4.0 2.1 sar
-4.84476 -14.994988 0.03987 -0.572 0.107 -0.814 -2.2 2.1 sar
-1.805107 -9.442321 0.157325 -0.57 0.106 -0.815 -4.0 2.1 sar
0.246151 -9.442568 0.168484 -0.568 0.106 -0.816 -6.3 2.1 sar
-1.805662 -11.663928 0.072478 -0.57 0.107 -0.815 -4.1 2.1 sar
0.246228 -11.664235 0.114631 -0.568 0.107 -0.816 -6.2 2.1 sar
3.364603 -10.552625 0.158646 -0.566 0.105 -0.818 -8.2 2.1 sar
-0.739034 -14.996691 0.06342 -0.568 0.107 -0.816 -4.0 2.1 sar
3.366736 -14.996033 0.113381 -0.565 0.106 -0.819 -6.3 2.1 sar
-0.739506 -19.440086 0.051081 -0.567 0.108 -0.817 -3.0 2.1 sar
3.36885 -19.439255 0.033003 -0.563 0.106 -0.819 -3.9 2.1 sar
3.371 -23.882607 0.020522 -0.563 0.107 -0.819 -1.4 2.1 sar
7.46768 -10.549283 0.073045 -0.562 0.105 -0.82 -8.7 2.1 sar
11.570803 -10.543658 0.071885 -0.559 0.104 -0.823 -7.4 2.1 sar
7.472453 -14.992713 0.061748 -0.561 0.105 -0.821 -7.1 2.1 sar
11.57835 -14.987285 0.144558 -0.558 0.105 -0.824 -6.8 2.1 sar
15.674009 -10.535663 0.103171 -0.555 0.103 -0.825 -6.1 2.1 sar
6.408042 -18.32637 0.067932 -0.561 0.106 -0.821 -5.5 2.1 sar
8.461955 -18.324291 0.10748 -0.559 0.106 -0.822 -5.9 2.1 sar
6.410121 -20.548175 0.09596 -0.561 0.106 -0.821 -3.7 2.1 sar
8.464664 -20.546019 0.107497 -0.559 0.106 -0.822 -4.7 2.1 sar
11.585609 -19.430511 0.05812 -0.557 0.105 -0.824 -4.9 2.1 sar
7.482011 -23.879518 0.049832 -0.559 0.107 -0.822 -1.7 2.1 sar
11.592944 -23.873761 0.013572 -0.556 0.105 -0.825 -1.8 2.1 sar
-45.378038 39.520205 -0.210344 -0.647 -0.212 -0.732 1.7 1.1 sar
-37.231403 39.471358 -0.150708 -0.643 -0.21 -0.737 0.6 1.1 sar
-47.4613 32.868821 -0.131446 -0.65 -0.212 -0.73 1.1 1.1 sar
-43.383915 32.841881 -0.113582 -0.647 -0.212 -0.732 1.6 1.1 sar
-47.4932 28.425877 0.041775 -0.651 -0.212 -0.729 0.4 1.1 sar
-43.412558 28.398588 -0.016376 -0.648 -0.211 -0.731 0.1 1.1 sar
-37.279808 30.584108 -0.094138 -0.645 -0.21 -0.735 0.3 1.1 sar
-29.08457 39.43206 -0.116446 -0.638 -0.208 -0.742 0.9 1.1 sar
-20.937782 39.402617 -0.058534 -0.633 -0.207 -0.746 0.8 1.1 sar
-29.122333 30.544718 -0.070933 -0.64 -0.208 -0.74 1.1 1.1 sar
-20.96518 30.515511 0.051955 -0.635 -0.207 -0.744 0.3 1.1 sar
-12.790846 39.382761 -0.019982 -0.628 -0.204 -0.751 -0.0 1.1 sar
-4.643938 39.373483 0.159304 -0.623 -0.203 -0.755 -1.5 1.1 sar
-12.807459 30.495308 0.028439 -0.63 -0.204 -0.749 0.3 1.1 sar
-4.650057 30.486361 0.328659 -0.626 -0.202 -0.753 -1.0 1.1 sar
-45.49783 21.7468 0.155507 -0.651 -0.211 -0.729 -0.2 1.1 sar
-37.328373 21.697037 -0.010055 -0.647 -0.209 -0.734 -0.7 1.1 sar
-45.555881 12.859138 0.079178 -0.653 -0.211 -0.727 -0.4 1.1 sar
-37.376655 12.809842 0.025582 -0.649 -0.209 -0.732 -0.7 1.1 sar
-29.160065 21.657469 -0.031899 -0.642 -0.208 -0.738 -0.7 1.1 sar
-20.992064 21.627808 0.005946 -0.637 -0.206 -0.743 -1.6 1.1 sar
-29.197768 12.770308 0.000727 -0.644 -0.207 -0.737 -1.7 1.1 sar
-21.019221 12.74061 0.043513 -0.639 -0.205 -0.741 -1.6 1.1 sar
-45.615024 3.971957 0.156318 -0.655 -0.21 -0.726 -0.1 1.1 sar
-37.424881 3.922716 0.05176 -0.65 -0.209 -0.73 -1.5 1.1 sar
-45.672992 -4.915172 0.068927 -0.657 -0.21 -0.724 -0.4 1.1 sar
-37.472482 -4.964261 -0.028512 -0.652 -0.208 -0.729 -0.7 1.1 sar
-29.235454 3.883227 0.029891 -0.646 -0.207 -0.735 -1.9 1.1 sar
-21.046219 3.853452 0.032614 -0.641 -0.205 -0.74 -0.4 1.1 sar
-29.272863 -5.003749 -0.001343 -0.648 -0.207 -0.733 0.3 1.1 sar
-21.073225 -5.033539 0.024334 -0.643 -0.204 -0.738 1.5 1.1 sar
-12.824076 21.607971 0.079398 -0.632 -0.204 -0.748 -0.7 1.1 sar
-4.655987 21.598125 0.237506 -0.628 -0.202 -0.752 -0.7 1.1 sar
-12.840576 12.720585 0.07188 -0.634 -0.203 -0.746 -0.5 1.1 sar
-4.66191 12.710334 0.13687 -0.63 -0.202 -0.75 -1.3 1.1 sar
3.512463 21.597767 0.332191 -0.622 -0.2 -0.757 -1.3 1.1 sar
1.471749 14.931168 0.310654 -0.625 -0.2 -0.754 -2.3 1.1 sar
5.560045 14.933537 0.431357 -0.622 -0.199 -0.757 -4.5 1.1 sar
1.472664 10.487141 0.173169 -0.626 -0.2 -0.754 -3.5 1.1 sar
5.563455 10.489337 0.239861 -0.624 -0.199 -0.756 -5.3 1.1 sar
-14.899689 6.05932 0.102967 -0.637 -0.203 -0.744 -0.2 1.1 sar
-10.806325 6.051685 0.081012 -0.634 -0.203 -0.746 -0.2 1.1 sar
-14.909157 1.615731 0.058372 -0.638 -0.204 -0.743 1.9 1.1 sar
-10.813245 1.60812 0.067398 -0.635 -0.202 -0.745 1.9 1.1 sar
-8.184753 7.71454 0.172112 -0.632 -0.202 -0.748 -1.9 1.1 sar
-8.186078 6.603635 0.180285 -0.633 -0.202 -0.747 -1.3 1.1 sar
-7.203702 6.602499 0.139431 -0.633 -0.202 -0.748 -0.3 1.1 sar
-5.647873 7.156467 0.105379 -0.631 -0.201 -0.749 -0.7 1.1 sar
-8.187294 5.492657 0.103264 -0.633 -0.202 -0.747 -0.5 1.1 sar
-7.450173 5.769574 0.132911 -0.633 -0.202 -0.748 -0.2 1.1 sar
-6.958894 5.769014 0.079446 -0.633 -0.202 -0.748 -0.4 1.1 sar
-7.450709 5.214079 0.079352 -0.633 -0.202 -0.748 1.3 1.1 sar
-6.95945 5.213565 0.076887 -0.633 -0.202 -0.748 -0.4 1.1 sar
-8.18864 4.381776 0.12705 -0.634 -0.202 -0.747 0.6 1.1 sar
-7.205948 4.380649 0.079196 -0.633 -0.202 -0.748 1.4 1.1 sar
-5.649717 4.934694 0.138334 -0.632 -0.202 -0.749 -1.1 1.1 sar
-2.61972 6.043745 0.09532 -0.63 -0.201 -0.75 -1.9 1.1 sar
-6.717337 1.602936 0.086831 -0.633 -0.201 -0.747 1.9 1.1 sar
-2.621444 1.600199 0.196675 -0.631 -0.201 -0.749 -2.5 1.1 sar
-14.918726 -2.827783 0.056693 -0.639 -0.203 -0.742 2.2 1.1 sar
-11.801934 -1.722915 0.059475 -0.637 -0.203 -0.744 0.5 1.1 sar
-9.75299 -1.726104 0.062817 -0.636 -0.202 -0.745 2.2 1.1 sar
-11.805709 -3.944661 0.053353 -0.637 -0.203 -0.744 -0.1 1.1 sar
-9.756112 -3.947851 0.057687 -0.636 -0.203 -0.744 2.6 1.1 sar
-14.928282 -7.27126 0.049928 -0.64 -0.203 -0.741 2.0 1.1 sar
-11.809493 -6.1664 0.051458 -0.638 -0.202 -0.743 -0.2 1.1 sar
-9.759238 -6.169592 0.055785 -0.637 -0.202 -0.744 -1.3 1.1 sar
-11.813273 -8.388129 0.047791 -0.638 -0.203 -0.743 1.8 1.1 sar
-9.762374 -8.391332 0.060109 -0.637 -0.202 -0.744 0.1 1.1 sar
-6.721656 -2.8406 0.093103 -0.634 -0.201 -0.747 1.3 1.1 sar
-4.097653 -1.176345 0.200851 -0.632 -0.201 -0.748 -1.9 1.1 sar
-3.114216 -1.176857 0.200369 -0.632 -0.201 -0.749 -2.4 1.1 sar
-4.098269 -2.287222 0.135472 -0.632 -0.201 -0.748 -1.2 1.1 sar
-3.11473 -2.287768 0.228989 -0.632 -0.201 -0.749 -2.9 1.1 sar
-1.557239 -1.732839 0.224713 -0.631 -0.201 -0.749 -3.7 1.1 sar
-3.607346 -3.953829 0.137816 -0.632 -0.201 -0.748 -1.6 1.1 sar
-1.557725 -3.954611 0.168561 -0.631 -0.2 -0.749 -3.4 1.1 sar
-7.708992 -6.172186 0.068464 -0.636 -0.202 -0.745 1.7 1.1 sar
-5.658761 -6.174198 0.106499 -0.634 -0.201 -0.747 0.0 1.1 sar
-7.711447 -8.393907 0.054779 -0.636 -0.201 -0.745 -1.0 1.1 sar
-5.660548 -8.395909 0.074805 -0.635 -0.202 -0.746 -2.3 1.1 sar
-3.608517 -6.175623 0.16289 -0.633 -0.201 -0.748 -1.5 1.1 sar
-1.558235 -6.176432 0.209631 -0.632 -0.2 -0.749 -3.6 1.1 sar
-3.609652 -8.397344 0.124187 -0.633 -0.201 -0.747 -1.7 1.1 sar
-1.558722 -8.398156 0.160921 -0.632 -0.2 -0.749 -3.4 1.1 sar
0.49112 7.154185 0.113693 -0.627 -0.2 -0.753 -3.1 1.1 sar
2.537467 7.154673 0.149171 -0.626 -0.2 -0.754 -4.7 1.1 sar
0.491287 4.932476 0.232636 -0.628 -0.201 -0.752 -3.1 1.1 sar
2.538313 4.93292 0.226106 -0.627 -0.2 -0.753 -5.3 1.1 sar
5.567138 6.045744 0.362264 -0.624 -0.199 -0.755 -6.5 1.1 sar
-0.0 3.266099 0.263616 -0.629 -0.2 -0.751 -3.2 1.1 sar
0.737073 3.543824 0.184427 -0.628 -0.2 -0.752 -4.6 1.1 sar
1.228467 3.54393 0.24834 -0.628 -0.2 -0.752 -5.8 1.1 sar
0.737141 2.988408 0.264671 -0.628 -0.2 -0.752 -4.1 1.1 sar
1.228564 2.988466 0.239583 -0.628 -0.2 -0.752 -5.1 1.1 sar
-0.0 2.155175 0.254007 -0.629 -0.2 -0.751 -3.4 1.1 sar
0.982972 2.155247 0.258905 -0.628 -0.2 -0.752 -4.7 1.1 sar
2.539142 2.711103 0.261267 -0.627 -0.2 -0.753 -6.1 1.1 sar
0.491605 0.488821 0.269195 -0.629 -0.2 -0.751 -5.2 1.1 sar
2.539955 0.489268 0.255649 -0.628 -0.199 -0.752 -6.9 1.1 sar
5.570612 1.601957 0.244563 -0.626 -0.199 -0.754 -6.9 1.1 sar
11.71083 3.831437 0.198456 -0.621 -0.197 -0.759 -7.3 1.1 sar
0.491758 -1.732991 0.202809 -0.63 -0.2 -0.751 -5.8 1.1 sar
2.540736 -1.732533 0.168254 -0.628 -0.199 -0.752 -7.4 1.1 sar
0.49192 -3.954824 0.257652 -0.63 -0.2 -0.75 -5.7 1.1 sar
2.541548 -3.954315 0.160088 -0.629 -0.2 -0.751 -7.7 1.1 sar
5.574138 -2.84166 0.186758 -0.626 -0.199 -0.754 -8.5 1.1 sar
0.492078 -6.176642 0.263718 -0.631 -0.199 -0.75 -5.5 1.1 sar
2.54239 -6.17616 0.229151 -0.629 -0.2 -0.751 -7.5 1.1 sar
0.492231 -8.39837 0.204004 -0.631 -0.2 -0.749 -5.4 1.1 sar
2.543172 -8.397844 0.145436 -0.63 -0.199 -0.751 -7.2 1.1 sar
5.577663 -7.285166 0.12786 -0.628 -0.199 -0.753 -8.9 1.1 sar
11.725926 -5.05581 0.227817 -0.623 -0.197 -0.757 -9.5 1.1 sar
-11.817049 -10.609846 0.04235 -0.639 -0.203 -0.742 2.1 1.1 sar
-9.765481 -10.613039 0.04566 -0.638 -0.202 -0.743 -0.1 1.1 sar
-7.713913 -10.615627 0.049322 -0.637 -0.201 -0.744 0.1 1.1 sar
-5.662343 -10.617609 0.053337 -0.635 -0.201 -0.746 -2.5 1.1 sar
-7.716378 -12.837338 0.044091 -0.637 -0.202 -0.744 -0.3 1.1 sar
-6.484266 -12.005459 0.048051 -0.636 -0.201 -0.745 -2.3 1.1 sar
-5.909712 -12.005974 0.049571 -0.636 -0.201 -0.745 -4.5 1.1 sar
-6.484784 -12.560887 0.046944 -0.636 -0.201 -0.745 0.2 1.1 sar
-5.910183 -12.5614 0.047463 -0.636 -0.201 -0.745 0.1 1.1 sar
-5.171205 -12.284278 0.049617 -0.635 -0.201 -0.746 -1.9 1.1 sar
-6.15718 -13.394329 0.046495 -0.636 -0.201 -0.745 -1.2 1.1 sar
-5.172028 -13.395125 0.043304 -0.635 -0.201 -0.746 -0.2 1.1 sar
-2.626438 -11.730297 0.061109 -0.634 -0.2 -0.747 -1.9 1.1 sar
-2.628121 -16.173739 0.061064 -0.635 -0.2 -0.747 -0.3 1.1 sar
0.492387 -10.620105 0.176514 -0.632 -0.2 -0.749 -4.9 1.1 sar
2.544001 -10.619661 0.178942 -0.63 -0.199 -0.75 -6.2 1.1 sar
0.492541 -12.841778 0.13025 -0.632 -0.2 -0.749 -3.4 1.1 sar
2.54477 -12.841193 0.062673 -0.631 -0.199 -0.75 -4.0 1.1 sar
4.595541 -10.618436 0.076718 -0.629 -0.198 -0.752 -6.7 1.1 sar
6.64712 -10.616771 0.073852 -0.628 -0.198 -0.753 -7.1 1.1 sar
4.597009 -12.840152 0.069445 -0.63 -0.199 -0.751 -4.9 1.1 sar
6.649312 -12.838621 0.133574 -0.628 -0.198 -0.752 -5.8 1.1 sar
1.478329 -16.174198 0.108211 -0.632 -0.199 -0.749 -1.9 1.1 sar
5.584759 -16.171998 0.062757 -0.63 -0.199 -0.751 -3.0 1.1 sar
8.698822 -10.614652 0.16235 -0.627 -0.198 -0.754 -8.1 1.1 sar
10.750458 -10.611804 0.177206 -0.625 -0.197 -0.755 -8.9 1.1 sar
8.701578 -12.836366 0.139061 -0.627 -0.197 -0.754 -5.9 1.1 sar
10.260439 -12.278758 0.116868 -0.626 -0.197 -0.754 -6.8 1.1 sar
11.245363 -12.277148 0.072205 -0.625 -0.197 -0.755 -6.8 1.1 sar
10.261993 -13.389513 0.061525 -0.626 -0.197 -0.754 -4.5 1.1 sar
11.247139 -13.387981 0.057861 -0.626 -0.196 -0.755 -4.1 1.1 sar
12.308529 -10.053633 0.088337 -0.624 -0.197 -0.756 -10.2 1.1 sar
13.293328 -10.051905 0.143372 -0.623 -0.197 -0.757 -8.8 1.1 sar
12.310477 -11.16448 0.075382 -0.624 -0.197 -0.756 -9.3 1.1 sar
13.295416 -11.162749 0.123416 -0.624 -0.197 -0.756 -8.2 1.1 sar
14.853616 -10.604186 0.144 -0.622 -0.196 -0.758 -8.9 1.1 sar
11.983659 -11.998226 0.087414 -0.625 -0.197 -0.755 -7.8 1.1 sar
12.558185 -11.997179 0.07031 -0.624 -0.197 -0.756 -7.1 1.1 sar
11.984733 -12.553779 0.14829 -0.625 -0.197 -0.755 -6.4 1.1 sar
12.559362 -12.552782 0.157186 -0.625 -0.197 -0.756 -5.9 1.1 sar
13.297625 -12.273696 0.161264 -0.624 -0.197 -0.756 -7.2 1.1 sar
12.31442 -13.386209 0.074888 -0.625 -0.197 -0.755 -5.3 1.1 sar
13.05292 -13.107301 0.15103 -0.624 -0.197 -0.756 -5.5 1.1 sar
13.053893 -13.662664 0.115808 -0.624 -0.197 -0.756 -0.7 1.1 sar
13.546593 -13.661823 0.162785 -0.624 -0.197 -0.756 -2.3 1.1 sar
14.039173 -13.660822 0.151725 -0.624 -0.197 -0.756 -2.6 1.1 sar
14.613888 -13.659648 0.15644 -0.623 -0.196 -0.757 -1.8 1.1 sar
15.352225 -13.380375 0.175335 -0.623 -0.196 -0.757 -1.1 1.1 sar
9.6913 -16.167656 0.127734 -0.627 -0.197 -0.754 -3.7 1.1 sar
13.797966 -16.160931 0.209156 -0.625 -0.196 -0.756 -1.6 1.1 sar
3.534921 -22.838422 0.046341 -0.633 -0.199 -0.749 -0.5 1.1 sar
11.75563 -22.829318 0.021201 -0.627 -0.196 -0.754 -1.1 1.1 sar
16.082731 -9.768335 0.176457 -0.621 -0.196 -0.759 -8.9 1.1 sar
16.657073 -9.766956 0.159998 -0.622 -0.195 -0.759 -9.4 1.1 sar
16.083999 -10.323765 0.168525 -0.622 -0.196 -0.758 -9.5 1.1 sar
16.658512 -10.322462 0.200065 -0.622 -0.195 -0.759 -8.4 1.1 sar
16.414122 -11.156094 0.131206 -0.622 -0.196 -0.758 -9.3 1.1 sar
16.910798 -12.82137 0.202622 -0.622 -0.196 -0.758 -1.0 1.1 sar
17.904525 -16.151586 0.213013 -0.623 -0.196 -0.758 -1.1 1.1 sar
20.001895 -31.69732 0.008732 -0.625 -0.194 -0.756 -2.1 1.1 sar
-6.274281 38.330063 0.097193 0.5 0.09 -0.861 -0.4 0.9 sar
-6.28733 24.110019 0.188243 0.496 0.092 -0.863 0.1 0.9 sar
6.763798 38.334014 0.675886 0.513 0.093 -0.853 -0.1 0.9 sar
19.802789 38.359938 0.776144 0.525 0.096 -0.846 -0.6 0.9 sar
6.777346 24.11082 0.276707 0.509 0.095 -0.855 -0.1 0.9 sar
19.842956 24.137123 0.538757 0.522 0.098 -0.847 -0.0 0.9 sar
-6.30033 9.890049 0.228322 0.493 0.094 -0.865 -0.7 0.9 sar
-11.223822 1.008896 0.073799 0.487 0.094 -0.868 2.0 0.9 sar
-7.946833 1.004362 0.107555 0.49 0.094 -0.866 -1.1 0.9 sar
-11.229557 -2.545916 0.057151 0.486 0.095 -0.869 3.3 0.9 sar
-7.95088 -2.550463 0.079891 0.489 0.095 -0.867 -0.8 0.9 sar
-3.032068 -0.776963 0.158494 0.495 0.096 -0.864 -4.0 0.9 sar
-9.597591 -7.880561 0.05903 0.486 0.095 -0.869 2.1 0.9 sar
-5.493972 -5.218966 0.095555 0.491 0.095 -0.866 -2.5 0.9 sar
-3.854018 -5.220123 0.158681 0.493 0.096 -0.865 -3.9 0.9 sar
-5.905093 -6.551665 0.080885 0.49 0.095 -0.867 0.6 0.9 sar
-5.084961 -6.552341 0.106551 0.491 0.096 -0.866 -3.2 0.9 sar
-5.905837 -7.440346 0.066848 0.49 0.096 -0.867 1.0 0.9 sar
-5.085611 -7.441039 0.103512 0.491 0.096 -0.866 -3.0 0.9 sar
-3.854993 -6.997517 0.135848 0.492 0.096 -0.865 -4.3 0.9 sar
-1.394196 -6.10981 0.206732 0.495 0.097 -0.863 -5.3 0.9 sar
-5.906591 -8.329037 0.063687 0.49 0.096 -0.866 0.8 0.9 sar
-5.086249 -8.329716 0.086349 0.491 0.096 -0.866 -2.5 0.9 sar
-5.907341 -9.217719 0.055402 0.49 0.096 -0.866 0.9 0.9 sar
-5.086894 -9.2184 0.077063 0.491 0.096 -0.866 -1.9 0.9 sar
-3.855981 -8.774924 0.134518 0.492 0.096 -0.866 -4.8 0.9 sar
-5.498164 -10.551089 0.053586 0.49 0.096 -0.866 0.5 0.9 sar
-3.856947 -10.552266 0.096694 0.492 0.096 -0.866 -3.7 0.9 sar
-1.39489 -9.664519 0.109059 0.494 0.097 -0.864 -5.8 0.9 sar
6.79129 9.890551 0.251572 0.506 0.096 -0.857 -1.3 0.9 sar
19.882612 9.915675 0.138453 0.519 0.099 -0.849 0.2 0.9 sar
3.52377 -0.776734 0.186024 0.5 0.097 -0.86 -4.6 0.9 sar
10.07955 -0.770288 0.137948 0.508 0.099 -0.856 -2.7 0.9 sar
3.52739 -7.886462 0.188626 0.499 0.098 -0.861 -6.1 0.9 sar
10.089968 -7.880013 0.180496 0.506 0.099 -0.857 -3.3 0.9 sar
19.923435 -4.303822 0.114288 0.516 0.101 -0.851 -0.2 0.9 sar
-4.679334 -13.217738 0.044035 0.49 0.096 -0.867 -0.3 0.9 sar
-1.395594 -13.219199 0.056408 0.493 0.098 -0.864 -3.4 0.9 sar
-4.681726 -16.772457 0.035432 0.489 0.097 -0.867 -2.5 0.9 sar
-1.396311 -16.773971 0.065786 0.492 0.098 -0.865 -3.4 0.9 sar
6.819038 -18.548169 0.073832 0.5 0.1 -0.86 -2.1 0.9 sar
19.964488 -18.523151 0.164251 0.513 0.102 -0.852 -0.7 0.9 sar
32.945363 -18.473688 0.114345 0.525 0.105 -0.844 -0.8 0.9 sar
33.011811 -32.691723 -0.087056 0.522 0.107 -0.846 0.2 0.9 sar
43.48003 21.31512 0.222066 1.0 0.0 0.0 -0.1 0.2 gnss
43.48003 21.31512 0.222066 0.0 1.0 0.0 0.1 0.3 gnss
43.48003 21.31512 0.222066 0.0 0.0 1.0 0.0 0.9 gnss
32.51676 -16.113859 0.08124 1.0 0.0 0.0 1.3 0.2 gnss
32.51676 -16.113859 0.08124 0.0 1.0 0.0 -0.6 0.3 gnss
32.51676 -16.113859 0.08124 0.0 0.0 1.0 0.6 0.9 gnss
32.789275 31.242807 0.261618 1.0 0.0 0.0 -0.2 0.2 gnss
32.789275 31.242807 0.261618 0.0 1.0 0.0 0.1 0.3 gnss
32.789275 31.242807 0.261618 0.0 0.0 1.0 -0.3 0.9 gnss
-21.96771 31.501602 -0.000163 1.0 0.0 0.0 0.1 0.2 gnss
-21.96771 31.501602 -0.000163 0.0 1.0 0.0 0.1 0.3 gnss
-21.96771 31.501602 -0.000163 0.0 0.0 1.0 -0.4 0.9 gnss
30.038241 -38.048285 -0.090945 1.0 0.0 0.0 0.7 0.2 gnss
30.038241 -38.048285 -0.090945 0.0 1.0 0.0 -0.8 0.3 gnss
30.038241 -38.048285 -0.090945 0.0 0.0 1.0 0.4 0.9 gnss
-11.13987 3.279414 0.068315 1.0 0.0 0.0 1.7 2.0 gnss
-11.13987 3.279414 0.068315 0.0 1.0 0.0 -1.4 3.0 gnss
-11.13987 3.279414 0.068315 0.0 0.0 1.0 -1.1 9.0 gnss
24.227513 3.068499 0.103058 1.0 0.0 0.0 1.9 0.2 gnss
24.227513 3.068499 0.103058 0.0 1.0 0.0 0.3 0.3 gnss
24.227513 3.068499 0.103058 0.0 0.0 1.0 1.7 0.9 gnss
-32.612835 -4.86331 -0.005159 1.0 0.0 0.0 3.5 0.2 gnss
-32.612835 -4.86331 -0.005159 0.0 1.0 0.0 0.2 0.3 gnss
-32.612835 -4.86331 -0.005159 0.0 0.0 1.0 -1.4 0.9 gnss
-52.443559 -16.487029 -0.16345 1.0 0.0 0.0 1.6 0.2 gnss
-52.443559 -16.487029 -0.16345 0.0 1.0 0.0 0.4 0.3 gnss
-52.443559 -16.487029 -0.16345 0.0 0.0 1.0 -0.3 0.9 gnss
4.951552 -24.294892 0.018809 1.0 0.0 0.0 1.8 2.0 gnss
4.951552 -24.294892 0.018809 0.0 1.0 0.0 -5.1 3.0 gnss
4.951552 -24.294892 0.018809 0.0 0.0 1.0 -3.4 9.0 gnss
46.830737 -50.082166 -0.282968 1.0 0.0 0.0 0.2 0.2 gnss
46.830737 -50.082166 -0.282968 0.0 1.0 0.0 -0.2 0.3 gnss
46.830737 -50.082166 -0.282968 0.0 0.0 1.0 -0.0 0.9 gnss
-37.452759 42.048887 -0.162488 1.0 0.0 0.0 0.1 0.2 gnss
-37.452759 42.048887 -0.162488 0.0 1.0 0.0 -0.1 0.3 gnss
-37.452759 42.048887 -0.162488 0.0 0.0 1.0 -0.2 0.9 gnss
-34.522307 20.574702 -0.028763 1.0 0.0 0.0 0.8 0.2 gnss
-34.522307 20.574702 -0.028763 0.0 1.0 0.0 -0.2 0.3 gnss
-34.522307 20.574702 -0.028763 0.0 0.0 1.0 -0.4 0.9 gnss
-48.525775 8.301233 0.171098 1.0 0.0 0.0 1.3 0.2 gnss
-48.525775 8.301233 0.171098 0.0 1.0 0.0 0.2 0.3 gnss
-48.525775 8.301233 0.171098 0.0 0.0 1.0 -0.4 0.9 gnss
6.906052 25.973774 0.206369 1.0 0.0 0.0 -0.7 0.2 gnss
6.906052 25.973774 0.206369 0.0 1.0 0.0 0.6 0.3 gnss
6.906052 25.973774 0.206369 0.0 0.0 1.0 0.3 0.9 gnss
