#Lon, Lat, Elv[m], dLOS[cm], UnitVec(e1,e2,e3) Path
141.79100 42.96500 87 1.3 -0.592 0.107 -0.799 18
141.84100 42.96500 86 1.6 -0.588 0.107 -0.802 18
141.89100 42.96500 155 1.1 -0.584 0.106 -0.805 18
141.94100 42.96500 322 0.0 -0.580 0.106 -0.808 18
141.99100 43.00500 380 -0.9 -0.577 0.106 -0.810 18
142.04100 43.00500 248 0.5 -0.573 0.105 -0.813 18
141.99100 42.96500 315 -1.5 -0.576 0.106 -0.810 18
142.04100 42.96500 237 -1.7 -0.572 0.105 -0.813 18
142.09100 43.00500 447 2.1 -0.569 0.105 -0.816 18
142.14100 43.00500 309 1.6 -0.565 0.105 -0.818 18
142.09100 42.96500 338 0.3 -0.568 0.105 -0.816 18
142.14100 42.96500 500 0.4 -0.564 0.104 -0.819 18
142.19100 43.00500 547 0.7 -0.561 0.104 -0.821 18
142.24100 43.00500 710 0.9 -0.557 0.104 -0.824 18
142.19100 42.96500 372 -0.7 -0.560 0.104 -0.822 18
142.24100 42.96500 486 -0.6 -0.556 0.104 -0.825 18
141.64100 42.92500 38 1.5 -0.602 0.108 -0.791 18
141.59100 42.88500 58 -0.1 -0.605 0.108 -0.789 18
141.64100 42.88500 41 1.0 -0.601 0.108 -0.792 18
141.59100 42.84500 81 -1.4 -0.604 0.108 -0.789 18
141.64100 42.84500 48 -0.3 -0.601 0.108 -0.792 18
141.59100 42.80500 96 -1.6 -0.604 0.108 -0.790 18
141.64100 42.80500 67 -2.1 -0.600 0.108 -0.793 18
141.69100 42.92500 38 1.5 -0.598 0.108 -0.794 18
141.74100 42.92500 138 0.1 -0.595 0.107 -0.797 18
141.69100 42.88500 38 1.2 -0.598 0.107 -0.795 18
141.74100 42.88500 76 -0.2 -0.594 0.107 -0.797 18
141.79100 42.92500 95 1.0 -0.591 0.107 -0.800 18
141.84100 42.92500 95 1.7 -0.587 0.107 -0.803 18
141.79100 42.88500 79 -0.4 -0.590 0.107 -0.800 18
141.84100 42.88500 124 0.6 -0.586 0.106 -0.803 18
141.69100 42.84500 40 0.2 -0.597 0.107 -0.795 18
141.74100 42.84500 77 0.2 -0.593 0.107 -0.798 18
141.69100 42.80500 50 -1.9 -0.596 0.107 -0.796 18
141.74100 42.80500 56 -0.1 -0.592 0.107 -0.798 18
141.79100 42.84500 112 0.6 -0.589 0.107 -0.801 18
141.84100 42.84500 78 0.9 -0.585 0.106 -0.804 18
141.79100 42.80500 120 0.2 -0.589 0.107 -0.801 18
141.84100 42.80500 74 1.1 -0.585 0.106 -0.804 18
141.54100 42.76500 121 -2.2 -0.607 0.108 -0.788 18
141.54100 42.72500 134 -2.4 -0.606 0.108 -0.788 18
141.59100 42.76500 117 -2.0 -0.603 0.108 -0.790 18
141.64100 42.76500 69 -1.6 -0.599 0.108 -0.793 18
141.59100 42.72500 52 -1.6 -0.602 0.108 -0.791 18
141.64100 42.72500 68 -1.9 -0.599 0.108 -0.794 18
141.54100 42.68500 84 -2.3 -0.605 0.108 -0.789 18
141.54100 42.64500 63 -2.4 -0.605 0.108 -0.789 18
141.59100 42.68500 82 -2.0 -0.602 0.108 -0.792 18
141.64100 42.68500 39 -1.7 -0.598 0.107 -0.794 18
141.59100 42.64500 40 -2.1 -0.601 0.108 -0.792 18
141.64100 42.64500 37 -1.6 -0.597 0.107 -0.795 18
141.69100 42.76500 52 -1.6 -0.595 0.107 -0.796 18
141.74100 42.76500 42 -0.6 -0.592 0.107 -0.799 18
141.69100 42.72500 35 -2.4 -0.595 0.107 -0.797 18
141.74100 42.72500 44 -1.8 -0.591 0.107 -0.800 18
141.79100 42.76500 70 0.0 -0.588 0.107 -0.802 18
141.84100 42.76500 74 0.2 -0.584 0.106 -0.805 18
141.79100 42.72500 39 -1.6 -0.587 0.107 -0.802 18
141.84100 42.72500 100 0.0 -0.583 0.106 -0.805 18
141.69100 42.68500 34 -0.8 -0.594 0.107 -0.797 18
141.74100 42.68500 38 -1.7 -0.590 0.107 -0.800 18
141.69100 42.64500 33 -1.9 -0.593 0.107 -0.798 18
141.74100 42.64500 32 -1.8 -0.589 0.107 -0.801 18
141.79100 42.68500 39 -1.9 -0.586 0.106 -0.803 18
141.84100 42.68500 41 -0.8 -0.582 0.106 -0.806 18
141.79100 42.64500 50 -1.3 -0.586 0.106 -0.804 18
141.84100 42.64500 37 -0.6 -0.582 0.106 -0.806 18
141.89100 42.92500 111 1.3 -0.583 0.106 -0.805 18
141.94100 42.92500 249 0.1 -0.579 0.106 -0.808 18
141.89100 42.88500 172 0.8 -0.582 0.106 -0.806 18
141.94100 42.88500 282 0.3 -0.579 0.106 -0.809 18
141.99100 42.92500 288 -0.7 -0.575 0.106 -0.811 18
142.04100 42.92500 369 -0.3 -0.571 0.105 -0.814 18
141.99100 42.88500 350 -0.7 -0.575 0.105 -0.812 18
142.04100 42.88500 337 -0.6 -0.571 0.105 -0.814 18
141.89100 42.84500 125 0.8 -0.582 0.106 -0.807 18
141.94100 42.84500 180 -0.2 -0.578 0.106 -0.809 18
141.89100 42.80500 183 1.3 -0.581 0.106 -0.807 18
141.94100 42.80500 191 0.6 -0.577 0.106 -0.810 18
141.99100 42.84500 433 -0.6 -0.574 0.105 -0.812 18
142.04100 42.84500 405 -0.6 -0.570 0.105 -0.815 18
141.99100 42.80500 203 -0.7 -0.573 0.105 -0.813 18
142.04100 42.80500 214 -1.4 -0.569 0.105 -0.816 18
142.09100 42.92500 353 -0.3 -0.567 0.105 -0.817 18
142.14100 42.92500 442 -0.4 -0.563 0.104 -0.820 18
142.09100 42.88500 359 -1.2 -0.567 0.105 -0.817 18
142.14100 42.88500 458 -0.3 -0.563 0.104 -0.820 18
142.19100 42.92500 258 -0.6 -0.559 0.104 -0.822 18
142.24100 42.92500 682 -0.0 -0.555 0.104 -0.825 18
142.19100 42.88500 311 1.0 -0.558 0.104 -0.823 18
142.24100 42.88500 304 0.9 -0.554 0.103 -0.826 18
142.09100 42.84500 241 -0.9 -0.566 0.105 -0.818 18
142.14100 42.84500 333 0.3 -0.562 0.104 -0.821 18
142.09100 42.80500 345 -1.4 -0.565 0.105 -0.818 18
142.14100 42.80500 216 -0.3 -0.561 0.104 -0.821 18
142.19100 42.84500 263 1.2 -0.558 0.104 -0.824 18
142.19100 42.80500 440 0.2 -0.557 0.104 -0.824 18
142.24100 42.80500 227 0.2 -0.553 0.103 -0.827 18
141.89100 42.76500 167 0.1 -0.580 0.106 -0.808 18
141.94100 42.76500 163 0.1 -0.576 0.106 -0.810 18
141.89100 42.72500 48 0.3 -0.579 0.106 -0.808 18
141.94100 42.72500 139 -1.0 -0.575 0.106 -0.811 18
141.99100 42.76500 82 -1.5 -0.572 0.105 -0.813 18
142.04100 42.76500 218 -2.8 -0.568 0.105 -0.816 18
141.99100 42.72500 167 -1.9 -0.571 0.105 -0.814 18
142.04100 42.72500 229 -4.6 -0.567 0.105 -0.817 18
141.89100 42.68500 60 0.1 -0.579 0.106 -0.809 18
141.92800 42.69500 153 0.4 -0.576 0.106 -0.811 18
141.95300 42.69500 129 -1.5 -0.574 0.105 -0.812 18
141.92800 42.67500 81 -0.1 -0.575 0.105 -0.811 18
141.95300 42.67500 138 -2.2 -0.573 0.105 -0.812 18
141.89100 42.64500 46 -0.9 -0.578 0.106 -0.809 18
141.92800 42.65500 91 -0.2 -0.575 0.105 -0.811 18
141.95300 42.65500 135 -2.0 -0.573 0.105 -0.813 18
141.93400 42.64000 68 -0.4 -0.574 0.105 -0.812 18
141.92200 42.63000 47 -2.0 -0.575 0.105 -0.811 18
141.93400 42.63000 71 -2.7 -0.574 0.105 -0.812 18
141.95300 42.63500 110 -2.2 -0.573 0.105 -0.813 18
141.97800 42.69500 144 -2.6 -0.572 0.105 -0.814 18
142.00300 42.69500 191 -3.8 -0.570 0.105 -0.815 18
141.97800 42.67500 175 -3.7 -0.571 0.105 -0.814 18
142.00300 42.67500 181 -5.2 -0.569 0.105 -0.815 18
142.04100 42.68500 118 -5.8 -0.567 0.105 -0.817 18
141.97800 42.65500 194 -4.2 -0.571 0.105 -0.814 18
142.00300 42.65500 260 -5.8 -0.569 0.105 -0.816 18
141.97800 42.63500 175 -4.4 -0.571 0.105 -0.814 18
142.00300 42.63500 178 -6.1 -0.569 0.105 -0.816 18
142.04100 42.64500 200 -8.0 -0.566 0.105 -0.818 18
142.07800 42.77500 293 -2.5 -0.565 0.105 -0.818 18
142.10300 42.77500 230 -2.0 -0.563 0.104 -0.820 18
142.07800 42.75500 217 -3.9 -0.565 0.105 -0.818 18
142.10300 42.75500 252 -4.1 -0.563 0.104 -0.820 18
142.12800 42.77500 192 -1.8 -0.561 0.104 -0.821 18
142.15300 42.77500 105 -0.6 -0.559 0.104 -0.823 18
142.12800 42.75500 190 -3.0 -0.561 0.104 -0.821 18
142.15300 42.75500 141 -1.9 -0.559 0.104 -0.823 18
142.09100 42.72500 206 -5.6 -0.563 0.104 -0.820 18
142.14100 42.72500 185 -3.0 -0.559 0.104 -0.822 18
142.19100 42.76500 120 -1.0 -0.556 0.104 -0.825 18
142.19100 42.72500 197 -2.5 -0.555 0.104 -0.825 18
142.09100 42.68500 85 -6.1 -0.562 0.104 -0.820 18
142.14100 42.68500 194 -6.1 -0.558 0.104 -0.823 18
142.09100 42.64500 127 -7.7 -0.562 0.104 -0.821 18
142.14100 42.64500 179 -6.7 -0.558 0.104 -0.824 18
142.19100 42.68500 145 -4.7 -0.554 0.103 -0.826 18
142.19100 42.64500 180 -5.5 -0.553 0.103 -0.826 18
141.79100 42.60500 29 -0.5 -0.585 0.106 -0.804 18
141.84100 42.60500 32 0.2 -0.581 0.106 -0.807 18
141.89100 42.60500 33 -0.5 -0.577 0.106 -0.810 18
141.94100 42.60500 38 -2.4 -0.573 0.105 -0.813 18
141.90600 42.58250 34 -1.9 -0.575 0.105 -0.811 18
141.91100 42.58380 34 -2.4 -0.575 0.105 -0.811 18
141.91400 42.58380 35 -2.5 -0.575 0.105 -0.812 18
141.91100 42.58120 34 -4.7 -0.575 0.105 -0.811 18
141.91400 42.58120 34 -3.8 -0.575 0.105 -0.812 18
141.91300 42.57750 33 -4.0 -0.575 0.105 -0.812 18
141.94100 42.56500 32 -2.2 -0.572 0.105 -0.813 18
141.97800 42.61500 137 -4.0 -0.570 0.105 -0.815 18
142.00300 42.61500 148 -6.3 -0.568 0.105 -0.816 18
141.97800 42.59500 56 -4.1 -0.570 0.105 -0.815 18
142.00300 42.59500 98 -6.2 -0.568 0.105 -0.816 18
142.04100 42.60500 141 -8.2 -0.565 0.104 -0.818 18
141.99100 42.56500 54 -4.0 -0.568 0.105 -0.816 18
142.04100 42.56500 105 -6.3 -0.564 0.104 -0.819 18
141.99100 42.52500 54 -3.0 -0.567 0.105 -0.817 18
142.04100 42.52500 37 -3.9 -0.563 0.104 -0.820 18
142.04100 42.48500 40 -1.4 -0.563 0.104 -0.820 18
142.09100 42.60500 59 -8.7 -0.561 0.104 -0.821 18
142.14100 42.60500 64 -7.4 -0.557 0.104 -0.824 18
142.09100 42.56500 57 -7.1 -0.560 0.104 -0.822 18
142.14100 42.56500 146 -6.8 -0.556 0.104 -0.825 18
142.19100 42.60500 104 -6.1 -0.553 0.103 -0.827 18
142.07800 42.53500 71 -5.5 -0.560 0.104 -0.822 18
142.10300 42.53500 113 -5.9 -0.558 0.104 -0.823 18
142.07800 42.51500 106 -3.7 -0.560 0.104 -0.822 18
142.10300 42.51500 120 -4.7 -0.558 0.104 -0.823 18
142.14100 42.52500 72 -4.9 -0.555 0.103 -0.825 18
142.09100 42.48500 73 -1.7 -0.558 0.104 -0.823 18
142.14100 42.48500 43 -1.8 -0.554 0.103 -0.826 18
141.44300 43.05440 42 1.7 -0.651 -0.212 -0.729 116
141.54300 43.05440 49 0.6 -0.646 -0.209 -0.734 116
141.41800 42.99440 98 1.1 -0.654 -0.213 -0.726 116
141.46800 42.99440 87 1.6 -0.651 -0.212 -0.729 116
141.41800 42.95440 250 0.4 -0.655 -0.213 -0.725 116
141.46800 42.95440 163 0.1 -0.652 -0.212 -0.728 116
141.54300 42.97440 57 0.3 -0.648 -0.210 -0.732 116
141.64300 43.05440 41 0.9 -0.640 -0.206 -0.740 116
141.74300 43.05440 67 0.8 -0.635 -0.204 -0.745 116
141.64300 42.97440 38 1.1 -0.642 -0.207 -0.738 116
141.74300 42.97440 129 0.3 -0.637 -0.205 -0.743 116
141.84300 43.05440 84 -0.0 -0.629 -0.201 -0.751 116
141.94300 43.05440 252 -1.5 -0.623 -0.199 -0.756 116
141.84300 42.97440 84 0.3 -0.631 -0.202 -0.749 116
141.94300 42.97440 373 -1.0 -0.626 -0.199 -0.754 116
141.44300 42.89440 323 -0.2 -0.655 -0.213 -0.725 116
141.54300 42.89440 105 -0.7 -0.650 -0.210 -0.731 116
141.44300 42.81440 223 -0.4 -0.657 -0.214 -0.723 116
141.54300 42.81440 117 -0.7 -0.652 -0.211 -0.729 116
141.64300 42.89440 41 -0.7 -0.644 -0.208 -0.736 116
141.74300 42.89440 47 -1.6 -0.639 -0.205 -0.741 116
141.64300 42.81440 50 -1.7 -0.646 -0.208 -0.734 116
141.74300 42.81440 61 -1.6 -0.641 -0.206 -0.740 116
141.44300 42.73440 289 -0.1 -0.659 -0.214 -0.721 116
141.54300 42.73440 132 -1.5 -0.654 -0.212 -0.727 116
141.44300 42.65440 203 -0.4 -0.661 -0.215 -0.719 116
141.54300 42.65440 53 -0.7 -0.655 -0.212 -0.725 116
141.64300 42.73440 68 -1.9 -0.648 -0.209 -0.732 116
141.74300 42.73440 39 -0.4 -0.643 -0.207 -0.738 116
141.64300 42.65440 38 0.3 -0.650 -0.210 -0.730 116
141.74300 42.65440 32 1.5 -0.645 -0.207 -0.736 116
141.84300 42.89440 99 -0.7 -0.633 -0.203 -0.747 116
141.94300 42.89440 246 -0.7 -0.628 -0.200 -0.752 116
141.84300 42.81440 68 -0.5 -0.635 -0.203 -0.745 116
141.94300 42.81440 122 -1.3 -0.630 -0.201 -0.750 116
142.04300 42.89440 340 -1.3 -0.622 -0.197 -0.758 116
142.01800 42.83440 299 -2.3 -0.625 -0.198 -0.755 116
142.06800 42.83440 422 -4.5 -0.622 -0.197 -0.758 116
142.01800 42.79440 153 -3.5 -0.626 -0.199 -0.754 116
142.06800 42.79440 222 -5.3 -0.623 -0.197 -0.757 116
141.81800 42.75440 94 -0.2 -0.638 -0.204 -0.742 116
141.86800 42.75440 64 -0.2 -0.635 -0.203 -0.745 116
141.81800 42.71440 47 1.9 -0.639 -0.205 -0.741 116
141.86800 42.71440 48 1.9 -0.636 -0.203 -0.744 116
141.90000 42.76940 153 -1.9 -0.633 -0.202 -0.747 116
141.90000 42.75940 160 -1.3 -0.634 -0.202 -0.747 116
141.91200 42.75940 118 -0.3 -0.633 -0.202 -0.747 116
141.93100 42.76440 83 -0.7 -0.632 -0.201 -0.749 116
141.90000 42.74940 82 -0.5 -0.634 -0.202 -0.747 116
141.90900 42.75190 111 -0.2 -0.633 -0.202 -0.747 116
141.91500 42.75190 57 -0.4 -0.633 -0.202 -0.747 116
141.90900 42.74690 57 1.3 -0.633 -0.202 -0.747 116
141.91500 42.74690 54 -0.4 -0.633 -0.202 -0.747 116
141.90000 42.73940 105 0.6 -0.634 -0.202 -0.746 116
141.91200 42.73940 56 1.4 -0.633 -0.202 -0.747 116
141.93100 42.74440 114 -1.1 -0.632 -0.202 -0.748 116
141.96800 42.75440 70 -1.9 -0.630 -0.200 -0.750 116
141.91800 42.71440 62 1.9 -0.634 -0.202 -0.747 116
141.96800 42.71440 169 -2.5 -0.631 -0.201 -0.749 116
141.81800 42.67440 46 2.2 -0.640 -0.205 -0.740 116
141.85600 42.68440 42 0.5 -0.638 -0.204 -0.743 116
141.88100 42.68440 42 2.2 -0.637 -0.203 -0.744 116
141.85600 42.66440 37 -0.1 -0.638 -0.204 -0.742 116
141.88100 42.66440 38 2.6 -0.637 -0.204 -0.743 116
141.81800 42.63440 43 2.0 -0.641 -0.205 -0.739 116
141.85600 42.64440 37 -0.2 -0.639 -0.204 -0.742 116
141.88100 42.64440 38 -1.3 -0.638 -0.204 -0.743 116
141.85600 42.62440 36 1.8 -0.639 -0.205 -0.741 116
141.88100 42.62440 45 0.1 -0.638 -0.204 -0.743 116
141.91800 42.67440 69 1.3 -0.635 -0.202 -0.746 116
141.95000 42.68940 174 -1.9 -0.633 -0.202 -0.748 116
141.96200 42.68940 173 -2.4 -0.632 -0.201 -0.748 116
141.95000 42.67940 109 -1.2 -0.633 -0.202 -0.748 116
141.96200 42.67940 202 -2.9 -0.632 -0.201 -0.748 116
141.98100 42.68440 197 -3.7 -0.631 -0.201 -0.749 116
141.95600 42.66440 112 -1.6 -0.633 -0.202 -0.748 116
141.98100 42.66440 142 -3.4 -0.631 -0.201 -0.749 116
141.90600 42.64440 48 1.7 -0.636 -0.203 -0.744 116
141.93100 42.64440 84 0.0 -0.635 -0.202 -0.746 116
141.90600 42.62440 37 -1.0 -0.637 -0.203 -0.744 116
141.93100 42.62440 55 -2.3 -0.635 -0.203 -0.745 116
141.95600 42.64440 139 -1.5 -0.633 -0.202 -0.747 116
141.98100 42.64440 185 -3.6 -0.632 -0.201 -0.748 116
141.95600 42.62440 103 -1.7 -0.634 -0.202 -0.747 116
141.98100 42.62440 139 -3.4 -0.632 -0.201 -0.748 116
142.00600 42.76440 89 -3.1 -0.627 -0.199 -0.753 116
142.03100 42.76440 125 -4.7 -0.626 -0.199 -0.754 116
142.00600 42.74440 206 -3.1 -0.628 -0.200 -0.752 116
142.03100 42.74440 200 -5.3 -0.627 -0.199 -0.754 116
142.06800 42.75440 339 -6.5 -0.624 -0.198 -0.756 116
142.00000 42.72940 236 -3.2 -0.629 -0.200 -0.751 116
142.00900 42.73190 157 -4.6 -0.628 -0.200 -0.752 116
142.01500 42.73190 221 -5.8 -0.628 -0.199 -0.752 116
142.00900 42.72690 237 -4.1 -0.628 -0.200 -0.752 116
142.01500 42.72690 212 -5.1 -0.628 -0.199 -0.752 116
142.00000 42.71940 226 -3.4 -0.629 -0.200 -0.751 116
142.01200 42.71940 231 -4.7 -0.628 -0.200 -0.752 116
142.03100 42.72440 234 -6.1 -0.627 -0.199 -0.753 116
142.00600 42.70440 241 -5.2 -0.629 -0.200 -0.751 116
142.03100 42.70440 228 -6.9 -0.628 -0.199 -0.753 116
142.06800 42.71440 219 -6.9 -0.625 -0.198 -0.755 116
142.14300 42.73440 182 -7.3 -0.620 -0.196 -0.760 116
142.00600 42.68440 175 -5.8 -0.630 -0.200 -0.751 116
142.03100 42.68440 141 -7.4 -0.628 -0.199 -0.752 116
142.00600 42.66440 231 -5.7 -0.630 -0.200 -0.750 116
142.03100 42.66440 134 -7.7 -0.629 -0.200 -0.752 116
142.06800 42.67440 162 -8.5 -0.626 -0.199 -0.754 116
142.00600 42.64440 239 -5.5 -0.631 -0.200 -0.750 116
142.03100 42.64440 205 -7.5 -0.629 -0.200 -0.751 116
142.00600 42.62440 182 -5.4 -0.631 -0.201 -0.749 116
142.03100 42.62440 124 -7.2 -0.630 -0.200 -0.751 116
142.06800 42.63440 107 -8.9 -0.627 -0.199 -0.753 116
142.14300 42.65440 213 -9.5 -0.622 -0.197 -0.758 116
141.85600 42.60440 34 2.1 -0.640 -0.205 -0.741 116
141.88100 42.60440 34 -0.1 -0.639 -0.204 -0.742 116
141.90600 42.60440 35 0.1 -0.637 -0.203 -0.743 116
141.93100 42.60440 37 -2.5 -0.636 -0.203 -0.745 116
141.90600 42.58440 34 -0.3 -0.638 -0.204 -0.743 116
141.92100 42.59190 35 -2.3 -0.637 -0.203 -0.744 116
141.92800 42.59190 36 -4.5 -0.636 -0.203 -0.744 116
141.92100 42.58690 35 0.2 -0.637 -0.203 -0.744 116
141.92800 42.58690 35 0.1 -0.636 -0.203 -0.744 116
141.93700 42.58940 36 -1.9 -0.636 -0.203 -0.745 116
141.92500 42.57940 36 -1.2 -0.637 -0.203 -0.744 116
141.93700 42.57940 32 -0.2 -0.636 -0.203 -0.745 116
141.96800 42.59440 45 -1.9 -0.634 -0.202 -0.747 116
141.96800 42.55440 55 -0.3 -0.635 -0.202 -0.746 116
142.00600 42.60440 158 -4.9 -0.632 -0.201 -0.749 116
142.03100 42.60440 161 -6.2 -0.630 -0.200 -0.750 116
142.00600 42.58440 116 -3.4 -0.632 -0.201 -0.748 116
142.03100 42.58440 49 -4.0 -0.631 -0.200 -0.750 116
142.05600 42.60440 60 -6.7 -0.629 -0.199 -0.752 116
142.08100 42.60440 59 -7.1 -0.627 -0.199 -0.753 116
142.05600 42.58440 57 -4.9 -0.629 -0.200 -0.751 116
142.08100 42.58440 123 -5.8 -0.628 -0.199 -0.753 116
142.01800 42.55440 102 -1.9 -0.632 -0.201 -0.748 116
142.06800 42.55440 59 -3.0 -0.629 -0.200 -0.751 116
142.10600 42.60440 150 -8.1 -0.626 -0.198 -0.754 116
142.13100 42.60440 168 -8.9 -0.624 -0.197 -0.756 116
142.10600 42.58440 131 -5.9 -0.626 -0.198 -0.754 116
142.12500 42.58940 110 -6.8 -0.625 -0.198 -0.755 116
142.13700 42.58940 67 -6.8 -0.624 -0.197 -0.756 116
142.12500 42.57940 57 -4.5 -0.625 -0.198 -0.755 116
142.13700 42.57940 55 -4.1 -0.625 -0.197 -0.756 116
142.15000 42.60940 81 -10.2 -0.623 -0.197 -0.757 116
142.16200 42.60940 138 -8.8 -0.622 -0.197 -0.758 116
142.15000 42.59940 70 -9.3 -0.623 -0.197 -0.757 116
142.16200 42.59940 120 -8.2 -0.623 -0.197 -0.757 116
142.18100 42.60440 143 -8.9 -0.621 -0.196 -0.759 116
142.14600 42.59190 83 -7.8 -0.624 -0.197 -0.756 116
142.15300 42.59190 67 -7.1 -0.623 -0.197 -0.757 116
142.14600 42.58690 145 -6.4 -0.624 -0.197 -0.756 116
142.15300 42.58690 155 -5.9 -0.624 -0.197 -0.757 116
142.16200 42.58940 160 -7.2 -0.623 -0.197 -0.757 116
142.15000 42.57940 74 -5.3 -0.624 -0.197 -0.756 116
142.15900 42.58190 151 -5.5 -0.623 -0.197 -0.757 116
142.15900 42.57690 117 -0.7 -0.623 -0.197 -0.757 116
142.16500 42.57690 165 -2.3 -0.623 -0.197 -0.757 116
142.17100 42.57690 155 -2.6 -0.623 -0.197 -0.757 116
142.17800 42.57690 161 -1.8 -0.622 -0.196 -0.758 116
142.18700 42.57940 181 -1.1 -0.622 -0.196 -0.758 116
142.11800 42.55440 129 -3.7 -0.626 -0.198 -0.754 116
142.16800 42.55440 218 -1.6 -0.624 -0.197 -0.757 116
142.04300 42.49440 62 -0.5 -0.632 -0.201 -0.748 116
142.14300 42.49440 47 -1.1 -0.626 -0.198 -0.754 116
142.19600 42.61190 177 -8.9 -0.620 -0.196 -0.760 116
142.20300 42.61190 162 -9.4 -0.620 -0.195 -0.760 116
142.19600 42.60690 170 -9.5 -0.620 -0.196 -0.759 116
142.20300 42.60690 203 -8.4 -0.620 -0.195 -0.760 116
142.20000 42.59940 135 -9.3 -0.620 -0.196 -0.759 116
142.20600 42.58440 211 -1.0 -0.620 -0.196 -0.759 116
142.21800 42.55440 232 -1.1 -0.621 -0.196 -0.759 116
142.24300 42.41440 94 -2.1 -0.623 -0.196 -0.757 116
141.92300 43.04500 185 -0.4 0.499 0.096 -0.861 122
141.92300 42.91700 207 0.1 0.495 0.096 -0.863 122
142.08300 43.04500 764 -0.1 0.514 0.098 -0.852 122
142.24300 43.04500 891 -0.6 0.528 0.100 -0.844 122
142.08300 42.91700 296 -0.1 0.510 0.098 -0.854 122
142.24300 42.91700 585 -0.0 0.525 0.100 -0.845 122
141.92300 42.78900 210 -0.7 0.492 0.096 -0.865 122
141.86300 42.70900 55 2.0 0.485 0.095 -0.869 122
141.90300 42.70900 84 -1.1 0.489 0.095 -0.867 122
141.86300 42.67700 39 3.3 0.484 0.095 -0.870 122
141.90300 42.67700 57 -0.8 0.488 0.095 -0.868 122
141.96300 42.69300 131 -4.0 0.494 0.096 -0.864 122
141.88300 42.62900 43 2.1 0.485 0.095 -0.870 122
141.93300 42.65300 72 -2.5 0.490 0.095 -0.866 122
141.95300 42.65300 134 -3.9 0.492 0.096 -0.865 122
141.92800 42.64100 59 0.6 0.489 0.095 -0.867 122
141.93800 42.64100 84 -3.2 0.490 0.095 -0.866 122
141.92800 42.63300 46 1.0 0.489 0.095 -0.867 122
141.93800 42.63300 82 -3.0 0.490 0.095 -0.866 122
141.95300 42.63700 113 -4.3 0.492 0.095 -0.866 122
141.98300 42.64500 182 -5.3 0.495 0.096 -0.864 122
141.92800 42.62500 44 0.8 0.489 0.095 -0.867 122
141.93800 42.62500 66 -2.5 0.490 0.095 -0.867 122
141.92800 42.61700 37 0.9 0.489 0.095 -0.867 122
141.93800 42.61700 58 -1.9 0.490 0.095 -0.867 122
141.95300 42.62100 114 -4.8 0.491 0.095 -0.866 122
141.93300 42.60500 37 0.5 0.489 0.095 -0.867 122
141.95300 42.60500 79 -3.7 0.491 0.095 -0.866 122
141.98300 42.61300 89 -5.8 0.494 0.096 -0.864 122
142.08300 42.78900 234 -1.3 0.507 0.097 -0.856 122
142.24300 42.78900 148 0.2 0.522 0.099 -0.847 122
142.04300 42.69300 159 -4.6 0.501 0.097 -0.860 122
142.12300 42.69300 118 -2.7 0.509 0.098 -0.855 122
142.04300 42.62900 167 -6.1 0.500 0.097 -0.861 122
142.12300 42.62900 166 -3.3 0.507 0.097 -0.856 122
142.24300 42.66100 119 -0.2 0.519 0.099 -0.849 122
141.94300 42.58100 32 -0.3 0.489 0.095 -0.867 122
141.98300 42.58100 43 -3.4 0.493 0.096 -0.865 122
141.94300 42.54900 32 -2.5 0.488 0.095 -0.867 122
141.98300 42.54900 61 -3.4 0.492 0.096 -0.865 122
142.08300 42.53300 78 -2.1 0.501 0.097 -0.860 122
142.24300 42.53300 196 -0.7 0.516 0.098 -0.851 122
142.40100 42.53300 199 -0.8 0.530 0.100 -0.842 122
142.40100 42.40500 57 0.2 0.527 0.100 -0.844 122
